1.5089 2.0845 1
0.10599 -0.20572 1
-1.8687 -0.46111 1
-2.4103 0.82063 1
-1.2276 -6.6134 1
-2.2345 -0.047371 1
-0.56995 -0.30115 1
-0.29113 -0.12364 1
0.42849 -3.6131 1
-1.4356 -1.3312 1
0.02573 -0.1863 1
-0.81031 0.14683 1
1.2433 1.9455 1
-0.039939 1.4562 1
2.964 1.1844 1
-0.43089 -2.0692 1
-1.378 -2.0769 1
-0.24119 1.2432 1
-1.8433 -2.5773 1
-1.341 -2.0849 1
-1.1112 -2.1469 1
-0.11703 0.44103 1
-1.2737 -1.8369 1
-1.4644 -1.3516 1
-3.2149 -4.3229 1
-0.5402 -3.6306 1
-1.9049 -1.802 1
0.85019 0.5391 1
2.2889 -0.31153 1
2.9731 1.2771 1
-2.1096 -1.8174 1
0.47049 0.67514 1
0.69946 1.096 1
-0.36031 1.8531 1
0.55099 0.23576 1
-0.30626 1.7253 1
1.2681 0.75544 1
0.26416 -1.6461 1
0.785 -3.3525 1
0.26048 2.6255 1
1.091 1.1025 1
1.6689 2.1248 1
1.5719 1.9916 1
1.9341 2.5826 1
0.76531 -4.005 1
-0.82723 -1.3354 1
0.09296 3.3993 1
-0.61281 -0.89161 1
1.4719 1.5029 1
0.19102 2.0317 1
0.49309 0.31642 1
1.6029 2.5332 1
-1.8375 -0.76099 1
-1.8329 -2.43 1
0.76388 -1.3862 1
2.1489 0.80377 1
-0.11392 0.49798 1
0.61951 1.9983 1
2.0886 0.22577 1
1.4598 5.3988 1
-2.0776 0.95054 1
-1.8756 -4.1336 1
1.8403 2.2975 1
0.47274 1.87 1
1.8248 1.0855 1
0.4692 -1.5426 1
-1.0778 -1.1847 1
1.3549 5.5072 1
-1.6502 -2.7877 1
0.17019 -0.62227 1
0.34603 1.8996 1
-0.41002 -2.3328 1
2.6487 1.6352 1
2.0698 2.6883 1
2.1591 2.9477 1
0.16601 0.80184 1
0.55919 -0.64941 1
-0.6062 0.18894 1
-2.5567 -3.5364 1
-0.83768 -2.2057 1
1.8552 2.9353 1
0.30937 -2.8082 1
1.3953 4.2006 1
-0.25692 0.22085 1
-2.7674 -4.488 1
-0.54366 0.53294 1
0.69151 0.15723 1
-1.847 -0.28242 1
0.8012 -0.64013 1
0.55321 -1.9937 1
2.7019 6.7752 1
-0.19366 -4.8731 1
-1.3302 -1.789 1
1.3392 -0.44346 1
0.61842 0.57649 1
-0.20623 3.5537 1
-0.44341 2.6532 1
1.0434 2.3364 1
-1.7862 -3.2757 1
2.6662 3.2148 1
1.1491 0.31695 1
-0.056028 0.0088661 1
-0.121 -0.96801 1
-2.1695 -1.91 1
-0.55236 -1.3685 1
0.95412 2.3357 1
-0.34155 -6.5565 1
-0.35307 2.0244 1
2.1888 2.9054 1
0.34025 1.367 1
0.62865 0.35751 1
0.66945 -2.79 1
-0.0024608 -2.6593 1
-0.99258 -0.70533 1
-0.59557 -3.1236 1
1.3645 2.9868 1
-0.84082 2.0866 1
1.259 0.72545 1
-1.0962 -0.34931 1
1.8953 3.8728 1
0.50489 -1.4004 1
-0.62652 -2.8679 1
-0.084045 0.50691 1
-0.52635 2.2936 1
0.049141 -1.511 1
1.6545 1.3298 1
0.49032 -1.9696 1
2.7653 4.197 1
-0.07576 2.5686 1
-0.74527 -2.4697 1
0.70612 -1.0976 1
-0.90795 -1.032 1
1.8766 2.9884 1
0.36869 2.8034 1
1.5109 0.33484 1
-0.019567 1.9994 1
2.0314 0.47243 1
1.5839 4.1751 1
1.9891 2.1735 1
0.028344 1.3117 1
1.78 -0.76392 1
1.901 1.7425 1
2.0764 1.07 1
1.2485 2.0522 1
-0.62083 0.82495 1
0.63142 0.82527 1
-0.32364 0.38223 1
-0.40691 -1.2018 1
0.25194 0.045159 1
1.0028 -0.80416 1
0.99799 -0.50425 1
-1.0281 -2.2308 1
2.2311 2.0326 1
2.3936 1.8949 1
1.0258 -1.3221 1
-1.7812 -0.92749 1
-1.6307 -2.1488 1
-1.3808 -2.2232 1
-0.88162 -4.7197 1
-1.3022 -4.4448 1
2.4513 2.0383 1
1.5771 0.67548 1
0.65541 1.7059 1
-1.4829 -2.0057 1
0.88965 1.4082 1
-0.15905 -0.24529 1
0.60108 -1.9427 1
0.53596 -2.1279 1
-2.1007 -1.517 1
-0.40359 0.17719 1
-0.052429 3.1536 1
1.173 -0.37482 1
-0.62818 -0.96981 1
-0.26918 3.8553 1
-1.9959 -5.559 1
-3.0916 -3.5136 1
1.4199 3.2942 1
-1.3261 -1.7923 1
0.2357 -2.4808 1
2.6603 5.4329 1
-1.3816 -1.7017 1
3.9233 7.0147 1
0.37782 -1.5526 1
-0.89991 -3.7985 1
0.26851 -1.0061 1
0.30234 2.5582 1
-1.2254 0.057545 1
-1.506 -0.72522 1
-0.10494 0.27545 1
0.57546 0.84987 1
-0.20089 0.33162 1
-2.3101 -4.3211 1
-0.37125 -1.5363 1
0.73555 2.6106 1
2.6711 1.859 1
-0.73715 -1.1938 1
2.1174 3.8613 1
-1.0647 -0.37344 1
0.87021 3.1206 1
-0.72342 0.37883 1
1.7798 2.7949 1
0.52208 3.4606 1
-1.0735 -1.6108 1
2.3007 4.0061 1
-0.44311 -0.72212 1
1.694 5.1821 1
0.39998 -0.23647 1
-1.513 -2.1572 1
-1.2856 -1.1623 1
0.40797 0.98614 1
-0.70247 -0.87085 1
1.1993 2.1154 1
0.64658 0.22035 1
-1.4918 -2.9992 1
-0.48696 -2.007 1
1.4977 -1.2595 1
0.96552 3.5409 1
-0.24534 -1.166 1
-1.1859 1.6189 1
-0.74616 0.46566 1
-0.199 0.056352 1
-0.51127 -0.94798 1
1.6242 2.7078 1
-1.6492 -4.7729 1
1.0231 0.21095 1
-0.097589 -1.8342 1
0.5316 0.85618 1
1.2357 0.040924 1
0.50492 0.90305 1
1.0848 -1.7436 1
1.1135 0.31621 1
-0.86352 0.7642 1
-0.18374 -0.27072 1
-1.4979 -1.2984 1
1.4393 2.3159 1
-0.14674 4.3603 1
0.96309 3.5378 1
2.9092 1.2592 1
2.0886 1.7598 1
1.7644 0.28837 1
0.53588 0.14723 1
1.4827 4.952 1
-0.91484 -1.6319 1
-1.0084 -4.0589 1
-2.4775 -2.3098 1
1.3395 5.3409 1
-1.6253 1.131 1
-2.1141 -2.6485 1
-1.7364 -3.3732 1
0.82795 0.69714 1
6.0263 7.9005 -1
13.792 11.692 -1
11.477 8.8042 -1
10.332 10.621 -1
7.9677 10.603 -1
13.128 12.518 -1
12.375 12.001 -1
12.615 13.495 -1
9.781 8.8098 -1
9.2228 10.072 -1
7.7377 9.6073 -1
12.034 10.298 -1
12.631 11.943 -1
11.59 11.749 -1
9.2446 9.7638 -1
11.75 13.662 -1
9.2027 9.3564 -1
10.508 10.131 -1
11.62 10.608 -1
10.81 11.656 -1
12.141 9.5979 -1
8.4259 7.2501 -1
11.566 14.215 -1
8.5158 12.095 -1
12.48 11.866 -1
8.7215 8.8626 -1
10.413 8.89 -1
13.247 12.624 -1
13.474 12.848 -1
13.364 12.318 -1
8.8944 9.8474 -1
10.789 9.8496 -1
11.307 12.94 -1
7.7828 7.1915 -1
13.81 13.404 -1
12.587 9.7616 -1
9.356 8.7806 -1
13.69 10.599 -1
14.858 14.695 -1
11.931 10.751 -1
9.3203 10.699 -1
9.6192 9.8718 -1
8.7158 8.7174 -1
12.337 11.286 -1
11.818 11.519 -1
11.529 13.481 -1
8.6616 9.7307 -1
10.338 8.4373 -1
12.135 10.869 -1
11.848 11.795 -1
11.181 11.068 -1
8.4421 8.8832 -1
11.213 10.621 -1
7.8081 9.4472 -1
10.389 11.629 -1
11.598 11.413 -1
10.013 11.723 -1
7.3178 7.3452 -1
9.3011 9.1014 -1
9.7373 9.1139 -1
8.1031 8.0774 -1
13.112 11.862 -1
8.8641 8.0803 -1
14.685 14.743 -1
11.675 10.116 -1
12.028 10.782 -1
9.9581 11.193 -1
15.837 15.061 -1
9.6349 11.315 -1
11.055 10.769 -1
12.952 12.489 -1
7.3142 6.2716 -1
12.149 12.753 -1
11.812 9.4582 -1
10.175 7.6493 -1
10.559 8.5815 -1
9.4529 10.713 -1
8.0072 9.793 -1
16.586 15.75 -1
9.3504 10.547 -1
9.582 9.8679 -1
8.4947 9.0196 -1
8.9403 9.3535 -1
14.767 13.333 -1
10.324 8.9118 -1
9.542 9.9219 -1
8.3689 10.623 -1
11.102 13.198 -1
7.3238 7.2571 -1
10.334 10.795 -1
10.541 10.954 -1
10.744 8.9361 -1
12.202 9.9319 -1
9.3162 9.4419 -1
12.35 12.078 -1
10.199 11.488 -1
14.094 14.125 -1
13.126 9.2429 -1
10.274 9.3431 -1
12.308 12.548 -1
14.61 13.905 -1
12.571 10.249 -1
9.9837 10.52 -1
9.8302 7.7553 -1
13.292 11.647 -1
11.295 13.13 -1
8.1619 9.6191 -1
10.45 10.527 -1
8.6409 9.2693 -1
8.8337 7.151 -1
10.109 9.1525 -1
9.7799 11.288 -1
13.664 10.688 -1
13.657 15.212 -1
7.7839 7.2429 -1
10.796 12.41 -1
13.84 10.324 -1
12.795 11.926 -1
12.199 11.109 -1
7.693 9.0633 -1
12.645 12.184 -1
11.607 9.6252 -1
11.963 10.403 -1
11.292 11.123 -1
8.8728 12.104 -1
11.839 12.148 -1
7.7012 8.0328 -1
10.247 12.412 -1
8.9304 8.0194 -1
12.084 12.702 -1
13.555 10.184 -1
12.135 12.104 -1
7.3178 6.579 -1
10.975 11.723 -1
12.28 12.339 -1
13.548 11.131 -1
9.5881 8.0019 -1
7.7482 8.0325 -1
12.503 10.227 -1
10.388 13.77 -1
12.882 11.487 -1
10.235 10.308 -1
13.416 13.882 -1
8.6678 10.866 -1
13.587 14.646 -1
8.5758 7.1429 -1
9.9638 12.25 -1
13.885 14.83 -1
10.266 10.988 -1
9.6927 11.243 -1
12.98 11.463 -1
8.9584 8.7138 -1
11.475 12.167 -1
9.1497 8.9359 -1
12.757 12.56 -1
8.0107 8.6772 -1
14.534 13.498 -1
9.6889 8.7136 -1
9.399 9.6304 -1
9.1802 7.9527 -1
8.3552 7.2383 -1
12.618 13.497 -1
10.004 11.415 -1
12.76 13.607 -1
9.136 8.7738 -1
14.204 12.46 -1
8.6748 9.2095 -1
6.3645 7.2292 -1
9.8366 9.973 -1
11.321 11.794 -1
11.584 12.096 -1
8.509 10.238 -1
8.6198 9.3735 -1
10.975 11.841 -1
8.6484 9.7923 -1
11.067 11.384 -1
10.267 10.324 -1
10.563 11.007 -1
8.557 8.8771 -1
11.888 10.778 -1
8.2718 9.5235 -1
11.204 10.411 -1
13.501 11.577 -1
8.7212 8.1116 -1
13.585 15.061 -1
8.0029 10.348 -1
7.6344 9.0772 -1
11.123 10.32 -1
11.352 8.4839 -1
8.872 7.7685 -1
12.216 13.58 -1
8.8987 9.6983 -1
12.499 12.003 -1
10.616 10.108 -1
10.79 12.835 -1
9.7066 9.5098 -1
10.156 11.659 -1
8.2327 9.0385 -1
11.659 12.801 -1
9.4493 8.6674 -1
11.534 10.348 -1
8.3853 9.6272 -1
11.221 11.287 -1
6.2758 7.4523 -1
8.0724 8.1919 -1
9.8707 9.4882 -1
8.8139 7.589 -1
11.911 9.1733 -1
11.173 10.974 -1
10.184 10.483 -1
10.276 8.3171 -1
10.476 10.104 -1
10.425 10.88 -1
9.9989 8.5282 -1
8.1183 6.6124 -1
9.873 8.0882 -1
12.385 13.135 -1
8.3404 8.9903 -1
7.8961 9.5138 -1
11.489 11.349 -1
9.3168 8.4481 -1
8.6382 9.2739 -1
10.906 9.0599 -1
11.688 10.405 -1
8.6655 8.2794 -1
8.4099 8.3408 -1
11.003 11.779 -1
12.279 13.289 -1
8.3598 9.8226 -1
7.6611 12.77 -1
10.884 12.517 -1
9.4357 10.406 -1
9.6953 9.7841 -1
6.8513 7.2296 -1
13.886 12.989 -1
11.155 11.494 -1
11.893 10.19 -1
9.326 10.177 -1
12.396 12.969 -1
11.376 11.06 -1
9.0822 9.2794 -1
10.238 9.4153 -1
10.495 9.0113 -1
8.3572 10.061 -1
10.861 12.523 -1
11.117 9.2269 -1
10.116 11.781 -1
12.116 13.639 -1
7.9366 4.4557 -1
8.8983 11.991 -1
