r 108816536 -0.91484 -1.6319,r 119998329 0.40797 0.98614,s 59334126 2.2889 -0.31153,s 83993873 -0.90795 -1.032,s 121999369 0.42849 -3.6131,s 140534040 0.95412 2.3357,s 144980628 -1.0281 -2.2308,s 160636346 -0.32364 0.38223,s 177140045 -0.37125 -1.5363,s 192063324 -0.30626 1.7253,s 207984016 1.0434 2.3364,s 238501172 0.37782 -1.5526,s 268767625 -0.20623 3.5537,s 290859832 1.173 -0.37482,
r 254443862 0.39998 -0.23647,r 271679842 1.7644 0.28837,r 273753616 -1.4918 -2.9992,r 280918326 1.1135 0.31621,s 177140045 -0.37125 -1.5363,s 192063324 -0.30626 1.7253,s 207984016 1.0434 2.3364,s 238501172 0.37782 -1.5526,s 268767625 -0.20623 3.5537,s 290859832 1.173 -0.37482,s 59334126 2.2889 -0.31153,s 83993873 -0.90795 -1.032,s 121999369 0.42849 -3.6131,s 140534040 0.95412 2.3357,s 144980628 -1.0281 -2.2308,s 160636346 -0.32364 0.38223,s 297418713 0.49309 0.31642,s 297455102 1.1491 0.31695,s 305347741 -0.20089 0.33162,s 342497704 -2.0776 0.95054,s 350776200 1.8552 2.9353,s 371615612 1.8403 2.2975,
s 297418713 0.49309 0.31642,s 297455102 1.1491 0.31695,s 305347741 -0.20089 0.33162,s 342497704 -2.0776 0.95054,s 350776200 1.8552 2.9353,s 371615612 1.8403 2.2975,s 177140045 -0.37125 -1.5363,s 192063324 -0.30626 1.7253,s 207984016 1.0434 2.3364,s 238501172 0.37782 -1.5526,s 268767625 -0.20623 3.5537,s 290859832 1.173 -0.37482,s 378719226 -0.121 -0.96801,s 408954700 -0.19366 -4.8731,s 444097634 -0.83768 -2.2057,s 449258720 0.4692 -1.5426,s 456214015 -0.15905 -0.24529,s 467332392 1.8248 1.0855,
r 416811332 -0.18374 -0.27072,r 466502396 -0.14674 4.3603,s 378719226 -0.121 -0.96801,s 408954700 -0.19366 -4.8731,s 444097634 -0.83768 -2.2057,s 449258720 0.4692 -1.5426,s 456214015 -0.15905 -0.24529,s 467332392 1.8248 1.0855,s 297418713 0.49309 0.31642,s 297455102 1.1491 0.31695,s 305347741 -0.20089 0.33162,s 342497704 -2.0776 0.95054,s 350776200 1.8552 2.9353,s 371615612 1.8403 2.2975,s 487218896 1.8766 2.9884,s 493597390 -0.72342 0.37883,s 501901824 -1.3808 -2.2232,s 535074200 1.901 1.7425,s 551087585 0.30937 -2.8082,s 565498884 -1.6307 -2.1488,
r 551513704 -1.6492 -4.7729,r 568516084 -1.6253 1.131,s 487218896 1.8766 2.9884,s 493597390 -0.72342 0.37883,s 501901824 -1.3808 -2.2232,s 535074200 1.901 1.7425,s 551087585 0.30937 -2.8082,s 565498884 -1.6307 -2.1488,s 378719226 -0.121 -0.96801,s 408954700 -0.19366 -4.8731,s 444097634 -0.83768 -2.2057,s 449258720 0.4692 -1.5426,s 456214015 -0.15905 -0.24529,s 467332392 1.8248 1.0855,s 576567480 -1.6502 -2.7877,s 600301888 1.0028 -0.80416,s 626819288 1.091 1.1025,s 675253929 -0.36031 1.8531,s 692700544 2.964 1.1844,s 706095236 1.6029 2.5332,
r 675903464 -1.0084 -4.0589,r 716877888 2.9092 1.2592,s 576567480 -1.6502 -2.7877,s 600301888 1.0028 -0.80416,s 626819288 1.091 1.1025,s 675253929 -0.36031 1.8531,s 692700544 2.964 1.1844,s 706095236 1.6029 2.5332,s 487218896 1.8766 2.9884,s 493597390 -0.72342 0.37883,s 501901824 -1.3808 -2.2232,s 535074200 1.901 1.7425,s 551087585 0.30937 -2.8082,s 565498884 -1.6307 -2.1488,s 717970916 0.30234 2.5582,s 734505157 0.34603 1.8996,s 739149365 -0.29113 -0.12364,s 759504894 -0.88162 -4.7197,s 778495948 -0.26918 3.8553,s 798213185 -0.24119 1.2432,
r 786516296 1.694 5.1821,s 717970916 0.30234 2.5582,s 734505157 0.34603 1.8996,s 739149365 -0.29113 -0.12364,s 759504894 -0.88162 -4.7197,s 778495948 -0.26918 3.8553,s 798213185 -0.24119 1.2432,s 576567480 -1.6502 -2.7877,s 600301888 1.0028 -0.80416,s 626819288 1.091 1.1025,s 675253929 -0.36031 1.8531,s 692700544 2.964 1.1844,s 706095236 1.6029 2.5332,s 801396232 2.3936 1.8949,s 828322020 -2.1007 -1.517,s 873729131 -0.11703 0.44103,s 909217240 0.53596 -2.1279,s 909982760 -0.11392 0.49798,s 931637327 -0.084045 0.50691,
r 814898128 -1.513 -2.1572,r 897758312 -0.74616 0.46566,s 801396232 2.3936 1.8949,s 828322020 -2.1007 -1.517,s 873729131 -0.11703 0.44103,s 909217240 0.53596 -2.1279,s 909982760 -0.11392 0.49798,s 931637327 -0.084045 0.50691,s 717970916 0.30234 2.5582,s 734505157 0.34603 1.8996,s 739149365 -0.29113 -0.12364,s 759504894 -0.88162 -4.7197,s 778495948 -0.26918 3.8553,s 798213185 -0.24119 1.2432,s 952577920 1.78 -0.76392,s 955802308 0.47274 1.87,s 982893416 -1.506 -0.72522,s 994157505 0.50489 -1.4004,s 1029682193 -0.052429 3.1536,s 1036108642 -1.378 -2.0769,
s 952577920 1.78 -0.76392,s 955802308 0.47274 1.87,s 982893416 -1.506 -0.72522,s 994157505 0.50489 -1.4004,s 1029682193 -0.052429 3.1536,s 1036108642 -1.378 -2.0769,s 801396232 2.3936 1.8949,s 828322020 -2.1007 -1.517,s 873729131 -0.11703 0.44103,s 909217240 0.53596 -2.1279,s 909982760 -0.11392 0.49798,s 931637327 -0.084045 0.50691,s 1069423328 -0.07576 2.5686,s 1071681348 1.8953 3.8728,s 1119890788 -1.9959 -5.559,s 1122735403 0.62865 0.35751,s 1130154004 2.6487 1.6352,s 1138103774 -0.62818 -0.96981,
s 1069423328 -0.07576 2.5686,s 1071681348 1.8953 3.8728,s 1119890788 -1.9959 -5.559,s 1122735403 0.62865 0.35751,s 1130154004 2.6487 1.6352,s 1138103774 -0.62818 -0.96981,s 952577920 1.78 -0.76392,s 955802308 0.47274 1.87,s 982893416 -1.506 -0.72522,s 994157505 0.50489 -1.4004,s 1029682193 -0.052429 3.1536,s 1036108642 -1.378 -2.0769,s 1203310579 -0.56995 -0.30115,s 1236098745 0.65541 1.7059,s 1264551576 -0.62652 -2.8679,s 1279841924 1.3645 2.9868,s 1291398849 -2.5567 -3.5364,s 1312462719 -0.61281 -0.89161,
r 1252761419 -0.70247 -0.87085,s 1203310579 -0.56995 -0.30115,s 1236098745 0.65541 1.7059,s 1264551576 -0.62652 -2.8679,s 1279841924 1.3645 2.9868,s 1291398849 -2.5567 -3.5364,s 1312462719 -0.61281 -0.89161,s 1069423328 -0.07576 2.5686,s 1071681348 1.8953 3.8728,s 1119890788 -1.9959 -5.559,s 1122735403 0.62865 0.35751,s 1130154004 2.6487 1.6352,s 1138103774 -0.62818 -0.96981,s 1333196736 2.0764 1.07,s 1350752752 -0.5402 -3.6306,s 1377743377 -0.52635 2.2936,s 1398747676 2.1591 2.9477,s 1414329504 2.1888 2.9054,s 1419734258 -1.0962 -0.34931,
r 1353737228 -1.1859 1.6189,r 1358070756 -2.4775 -2.3098,r 1387561324 1.4393 2.3159,s 1333196736 2.0764 1.07,s 1350752752 -0.5402 -3.6306,s 1377743377 -0.52635 2.2936,s 1398747676 2.1591 2.9477,s 1414329504 2.1888 2.9054,s 1419734258 -1.0962 -0.34931,s 1203310579 -0.56995 -0.30115,s 1236098745 0.65541 1.7059,s 1264551576 -0.62652 -2.8679,s 1279841924 1.3645 2.9868,s 1291398849 -2.5567 -3.5364,s 1312462719 -0.61281 -0.89161,s 1426937156 -1.0647 -0.37344,s 1428539326 -0.41002 -2.3328,s 1440281261 0.26851 -1.0061,s 1445759396 1.5109 0.33484,s 1464181672 0.26416 -1.6461,s 1478923448 -1.847 -0.28242,
r 1470679236 -1.0735 -1.6108,r 1481803337 -0.51127 -0.94798,r 1495081044 1.4827 4.952,s 1426937156 -1.0647 -0.37344,s 1428539326 -0.41002 -2.3328,s 1440281261 0.26851 -1.0061,s 1445759396 1.5109 0.33484,s 1464181672 0.26416 -1.6461,s 1478923448 -1.847 -0.28242,s 1333196736 2.0764 1.07,s 1350752752 -0.5402 -3.6306,s 1377743377 -0.52635 2.2936,s 1398747676 2.1591 2.9477,s 1414329504 2.1888 2.9054,s 1419734258 -1.0962 -0.34931,s 1506968394 -1.7812 -0.92749,s 1534733632 -3.0916 -3.5136,s 1630191340 3.9233 7.0147,s 1641764569 0.02573 -0.1863,s 1665733761 0.66945 -2.79,s 1678836036 0.69946 1.096,
s 1506968394 -1.7812 -0.92749,s 1534733632 -3.0916 -3.5136,s 1630191340 3.9233 7.0147,s 1641764569 0.02573 -0.1863,s 1665733761 0.66945 -2.79,s 1678836036 0.69946 1.096,s 1426937156 -1.0647 -0.37344,s 1428539326 -0.41002 -2.3328,s 1440281261 0.26851 -1.0061,s 1445759396 1.5109 0.33484,s 1464181672 0.26416 -1.6461,s 1478923448 -1.847 -0.28242,s 1681361188 0.049141 -1.511,s 1693531290 2.0314 0.47243,s 1698107200 -1.8756 -4.1336,s 1700499509 0.10599 -0.20572,s 1751263858 -1.341 -2.0849,s 1781733126 0.61842 0.57649,
s 1681361188 0.049141 -1.511,s 1693531290 2.0314 0.47243,s 1698107200 -1.8756 -4.1336,s 1700499509 0.10599 -0.20572,s 1751263858 -1.341 -2.0849,s 1781733126 0.61842 0.57649,s 1506968394 -1.7812 -0.92749,s 1534733632 -3.0916 -3.5136,s 1630191340 3.9233 7.0147,s 1641764569 0.02573 -0.1863,s 1665733761 0.66945 -2.79,s 1678836036 0.69946 1.096,s 1822232756 2.6711 1.859,s 1836400812 -0.54366 0.53294,s 1855691216 2.6662 3.2148,s 1870411824 0.76388 -1.3862,s 1870559653 0.76531 -4.005,s 1873842528 -1.2276 -6.6134,
s 1822232756 2.6711 1.859,s 1836400812 -0.54366 0.53294,s 1855691216 2.6662 3.2148,s 1870411824 0.76388 -1.3862,s 1870559653 0.76531 -4.005,s 1873842528 -1.2276 -6.6134,s 1681361188 0.049141 -1.511,s 1693531290 2.0314 0.47243,s 1698107200 -1.8756 -4.1336,s 1700499509 0.10599 -0.20572,s 1751263858 -1.341 -2.0849,s 1781733126 0.61842 0.57649,s 1878139384 -0.55236 -1.3685,s 1956862888 -1.1112 -2.1469,s 1983771377 0.87021 3.1206,s 2023523302 -1.8375 -0.76099,s 2038267757 0.85019 0.5391,s 2050777272 0.785 -3.3525,
r 1880057328 2.0886 1.7598,s 1878139384 -0.55236 -1.3685,s 1956862888 -1.1112 -2.1469,s 1983771377 0.87021 3.1206,s 2023523302 -1.8375 -0.76099,s 2038267757 0.85019 0.5391,s 2050777272 0.785 -3.3525,s 1822232756 2.6711 1.859,s 1836400812 -0.54366 0.53294,s 1855691216 2.6662 3.2148,s 1870411824 0.76388 -1.3862,s 1870559653 0.76531 -4.005,s 1873842528 -1.2276 -6.6134,s 2060738392 2.1174 3.8613,s 2093990613 -0.43089 -2.0692,s 2164270750 -0.99258 -0.70533,s 2172227580 2.9731 1.2771,s 2187108281 -0.34155 -6.5565,s 2211325540 1.6545 1.3298,
r 2096712640 -1.7364 -3.3732,r 2123821281 -0.44311 -0.72212,s 2060738392 2.1174 3.8613,s 2093990613 -0.43089 -2.0692,s 2164270750 -0.99258 -0.70533,s 2172227580 2.9731 1.2771,s 2187108281 -0.34155 -6.5565,s 2211325540 1.6545 1.3298,s 1878139384 -0.55236 -1.3685,s 1956862888 -1.1112 -2.1469,s 1983771377 0.87021 3.1206,s 2023523302 -1.8375 -0.76099,s 2038267757 0.85019 0.5391,s 2050777272 0.785 -3.3525,s 2219254457 -2.2345 -0.047371,s 2226809272 1.0258 -1.3221,s 2294930833 -0.35307 2.0244,s 2311254753 0.34025 1.367,s 2434791872 -1.4644 -1.3516,s 2434820476 -1.4829 -2.0057,
r 2323026864 1.6242 2.7078,r 2333401372 2.3007 4.0061,s 2219254457 -2.2345 -0.047371,s 2226809272 1.0258 -1.3221,s 2294930833 -0.35307 2.0244,s 2311254753 0.34025 1.367,s 2434791872 -1.4644 -1.3516,s 2434820476 -1.4829 -2.0057,s 2060738392 2.1174 3.8613,s 2093990613 -0.43089 -2.0692,s 2164270750 -0.99258 -0.70533,s 2172227580 2.9731 1.2771,s 2187108281 -0.34155 -6.5565,s 2211325540 1.6545 1.3298,s 2441629681 -0.82723 -1.3354,s 2463090377 0.47049 0.67514,s 2467140672 0.49032 -1.9696,s 2492442944 -1.4356 -1.3312,s 2496092009 0.55321 -1.9937,s 2513166956 1.2433 1.9455,
r 2445680892 -2.1141 -2.6485,r 2462374404 -1.4979 -1.2984,s 2441629681 -0.82723 -1.3354,s 2463090377 0.47049 0.67514,s 2467140672 0.49032 -1.9696,s 2492442944 -1.4356 -1.3312,s 2496092009 0.55321 -1.9937,s 2513166956 1.2433 1.9455,s 2219254457 -2.2345 -0.047371,s 2226809272 1.0258 -1.3221,s 2294930833 -0.35307 2.0244,s 2311254753 0.34025 1.367,s 2434791872 -1.4644 -1.3516,s 2434820476 -1.4829 -2.0057,s 2524715615 0.55919 -0.64941,s 2541451129 -0.056028 0.0088661,s 2549498968 0.60108 -1.9427,s 2559751361 -2.1695 -1.91,s 2600539756 2.4513 2.0383,s 2613899600 -2.7674 -4.488,
r 2560011290 -0.199 0.056352,r 2594990368 -0.86352 0.7642,r 2636047268 1.2357 0.040924,s 2524715615 0.55919 -0.64941,s 2541451129 -0.056028 0.0088661,s 2549498968 0.60108 -1.9427,s 2559751361 -2.1695 -1.91,s 2600539756 2.4513 2.0383,s 2613899600 -2.7674 -4.488,s 2441629681 -0.82723 -1.3354,s 2463090377 0.47049 0.67514,s 2467140672 0.49032 -1.9696,s 2492442944 -1.4356 -1.3312,s 2496092009 0.55321 -1.9937,s 2513166956 1.2433 1.9455,s 2650760274 1.259 0.72545,s 2674376996 1.2485 2.0522,s 2716462399 0.99799 -0.50425,s 2740451396 1.6689 2.1248,s 2777682793 -0.89991 -3.7985,s 2794323505 0.36869 2.8034,
r 2779785412 -0.24534 -1.166,r 2865931057 0.96309 3.5378,r 2866479304 0.96552 3.5409,s 2650760274 1.259 0.72545,s 2674376996 1.2485 2.0522,s 2716462399 0.99799 -0.50425,s 2740451396 1.6689 2.1248,s 2777682793 -0.89991 -3.7985,s 2794323505 0.36869 2.8034,s 2524715615 0.55919 -0.64941,s 2541451129 -0.056028 0.0088661,s 2549498968 0.60108 -1.9427,s 2559751361 -2.1695 -1.91,s 2600539756 2.4513 2.0383,s 2613899600 -2.7674 -4.488,s 2866528092 -2.3101 -4.3211,s 2900183090 -0.25692 0.22085,s 2957885044 -0.84082 2.0866,s 2981567435 -0.81031 0.14683,s 2984770336 -2.1096 -1.8174,s 3037189361 -0.73715 -1.1938,
r 2888654910 1.0231 0.21095,r 2915951744 1.0848 -1.7436,r 2993654104 1.7798 2.7949,r 3017791904 0.52208 3.4606,r 3027990561 -0.097589 -1.8342,r 3031641370 0.53588 0.14723,r 3035110244 1.1993 2.1154,s 2866528092 -2.3101 -4.3211,s 2900183090 -0.25692 0.22085,s 2957885044 -0.84082 2.0866,s 2981567435 -0.81031 0.14683,s 2984770336 -2.1096 -1.8174,s 3037189361 -0.73715 -1.1938,s 2650760274 1.259 0.72545,s 2674376996 1.2485 2.0522,s 2716462399 0.99799 -0.50425,s 2740451396 1.6689 2.1248,s 2777682793 -0.89991 -3.7985,s 2794323505 0.36869 2.8034,s 3047839785 -0.74527 -2.4697,s 3082479310 0.57546 0.84987,s 3169823685 0.55099 0.23576,s 3203300998 -0.10494 0.27545,s 3217689896 -1.3816 -1.7017,s 3224739364 1.9341 2.5826,
r 3143731538 0.50492 0.90305,r 3154993736 0.5316 0.85618,s 3047839785 -0.74527 -2.4697,s 3082479310 0.57546 0.84987,s 3169823685 0.55099 0.23576,s 3203300998 -0.10494 0.27545,s 3217689896 -1.3816 -1.7017,s 3224739364 1.9341 2.5826,s 2866528092 -2.3101 -4.3211,s 2900183090 -0.25692 0.22085,s 2957885044 -0.84082 2.0866,s 2981567435 -0.81031 0.14683,s 2984770336 -2.1096 -1.8174,s 3037189361 -0.73715 -1.1938,s 3240515177 -0.0024608 -2.6593,s 3279189260 0.028344 1.3117,s 3316616485 0.73555 2.6106,s 3353135284 1.4199 3.2942,s 3356588925 0.61951 1.9983,s 3360730469 -0.019567 1.9994,
s 3240515177 -0.0024608 -2.6593,s 3279189260 0.028344 1.3117,s 3316616485 0.73555 2.6106,s 3353135284 1.4199 3.2942,s 3356588925 0.61951 1.9983,s 3360730469 -0.019567 1.9994,s 3047839785 -0.74527 -2.4697,s 3082479310 0.57546 0.84987,s 3169823685 0.55099 0.23576,s 3203300998 -0.10494 0.27545,s 3217689896 -1.3816 -1.7017,s 3224739364 1.9341 2.5826,s 3398283204 1.2681 0.75544,s 3449366424 -1.2254 0.057545,s 3455237816 2.0698 2.6883,s 3537040202 0.8012 -0.64013,s 3546555576 -1.7862 -3.2757,s 3613617704 0.26048 2.6255,
r 3420260828 1.3395 5.3409,r 3508268128 -0.48696 -2.007,s 3398283204 1.2681 0.75544,s 3449366424 -1.2254 0.057545,s 3455237816 2.0698 2.6883,s 3537040202 0.8012 -0.64013,s 3546555576 -1.7862 -3.2757,s 3613617704 0.26048 2.6255,s 3240515177 -0.0024608 -2.6593,s 3279189260 0.028344 1.3117,s 3316616485 0.73555 2.6106,s 3353135284 1.4199 3.2942,s 3356588925 0.61951 1.9983,s 3360730469 -0.019567 1.9994,s 3620724468 1.5771 0.67548,s 3622041236 1.5719 1.9916,s 3626455990 -1.8433 -2.5773,s 3642012135 0.17019 -0.62227,s 3656815964 0.19102 2.0317,s 3692324037 -0.44341 2.6532,
r 3644136013 0.82795 0.69714,r 3648715852 1.4977 -1.2595,s 3620724468 1.5771 0.67548,s 3622041236 1.5719 1.9916,s 3626455990 -1.8433 -2.5773,s 3642012135 0.17019 -0.62227,s 3656815964 0.19102 2.0317,s 3692324037 -0.44341 2.6532,s 3398283204 1.2681 0.75544,s 3449366424 -1.2254 0.057545,s 3455237816 2.0698 2.6883,s 3537040202 0.8012 -0.64013,s 3546555576 -1.7862 -3.2757,s 3613617704 0.26048 2.6255,s 3711340622 0.25194 0.045159,s 3722950324 2.2311 2.0326,s 3738680881 0.88965 1.4082,s 3753409777 -0.40691 -1.2018,s 3769670196 -0.039939 1.4562,s 3785329936 -1.3022 -4.4448,
r 3790858120 -1.2856 -1.1623,s 3711340622 0.25194 0.045159,s 3722950324 2.2311 2.0326,s 3738680881 0.88965 1.4082,s 3753409777 -0.40691 -1.2018,s 3769670196 -0.039939 1.4562,s 3785329936 -1.3022 -4.4448,s 3620724468 1.5771 0.67548,s 3622041236 1.5719 1.9916,s 3626455990 -1.8433 -2.5773,s 3642012135 0.17019 -0.62227,s 3656815964 0.19102 2.0317,s 3692324037 -0.44341 2.6532,s 3798747838 0.63142 0.82527,s 3799773532 -1.3261 -1.7923,s 3805417648 -1.3302 -1.789,s 3828101948 -1.2737 -1.8369,s 3840905157 -0.59557 -3.1236,s 3846868872 0.09296 3.3993,
s 3798747838 0.63142 0.82527,s 3799773532 -1.3261 -1.7923,s 3805417648 -1.3302 -1.789,s 3828101948 -1.2737 -1.8369,s 3840905157 -0.59557 -3.1236,s 3846868872 0.09296 3.3993,s 3711340622 0.25194 0.045159,s 3722950324 2.2311 2.0326,s 3738680881 0.88965 1.4082,s 3753409777 -0.40691 -1.2018,s 3769670196 -0.039939 1.4562,s 3785329936 -1.3022 -4.4448,s 3858986463 0.69151 0.15723,s 3861451771 -0.62083 0.82495,s 3864001172 -1.9049 -1.802,s 3870098140 2.6603 5.4329,s 3870788024 -0.6062 0.18894,s 3891000390 -1.8687 -0.46111,
s 3858986463 0.69151 0.15723,s 3861451771 -0.62083 0.82495,s 3864001172 -1.9049 -1.802,s 3870098140 2.6603 5.4329,s 3870788024 -0.6062 0.18894,s 3891000390 -1.8687 -0.46111,s 3798747838 0.63142 0.82527,s 3799773532 -1.3261 -1.7923,s 3805417648 -1.3302 -1.789,s 3828101948 -1.2737 -1.8369,s 3840905157 -0.59557 -3.1236,s 3846868872 0.09296 3.3993,s 3916495228 1.9891 2.1735,s 3917318184 1.3392 -0.44346,s 3963571472 0.70612 -1.0976,s 3985455700 2.7019 6.7752,s 4003138564 1.3549 5.5072,s 4007267068 -3.2149 -4.3229,
r 3917659918 0.64658 0.22035,s 3916495228 1.9891 2.1735,s 3917318184 1.3392 -0.44346,s 3963571472 0.70612 -1.0976,s 3985455700 2.7019 6.7752,s 4003138564 1.3549 5.5072,s 4007267068 -3.2149 -4.3229,s 3858986463 0.69151 0.15723,s 3861451771 -0.62083 0.82495,s 3864001172 -1.9049 -1.802,s 3870098140 2.6603 5.4329,s 3870788024 -0.6062 0.18894,s 3891000390 -1.8687 -0.46111,s 4021346020 1.3953 4.2006,s 4054992833 0.16601 0.80184,s 4058493638 2.1489 0.80377,s 4065632720 1.4598 5.3988,s 4072528958 -1.8329 -2.43,s 4088199964 1.4719 1.5029,
s 4021346020 1.3953 4.2006,s 4054992833 0.16601 0.80184,s 4058493638 2.1489 0.80377,s 4065632720 1.4598 5.3988,s 4072528958 -1.8329 -2.43,s 4088199964 1.4719 1.5029,s 3916495228 1.9891 2.1735,s 3917318184 1.3392 -0.44346,s 3963571472 0.70612 -1.0976,s 3985455700 2.7019 6.7752,s 4003138564 1.3549 5.5072,s 4007267068 -3.2149 -4.3229,s 4094236748 1.5089 2.0845,s 4101395416 -1.0778 -1.1847,s 4108187396 0.2357 -2.4808,s 4130617838 -2.4103 0.82063,s 4153804651 -0.40359 0.17719,s 4171581266 2.0886 0.22577,
s 4094236748 1.5089 2.0845,s 4101395416 -1.0778 -1.1847,s 4108187396 0.2357 -2.4808,s 4130617838 -2.4103 0.82063,s 4153804651 -0.40359 0.17719,s 4171581266 2.0886 0.22577,s 4021346020 1.3953 4.2006,s 4054992833 0.16601 0.80184,s 4058493638 2.1489 0.80377,s 4065632720 1.4598 5.3988,s 4072528958 -1.8329 -2.43,s 4088199964 1.4719 1.5029,s 4208599844 2.7653 4.197,s 4284277052 1.5839 4.1751,
s 4208599844 2.7653 4.197,s 4284277052 1.5839 4.1751,s 4094236748 1.5089 2.0845,s 4101395416 -1.0778 -1.1847,s 4108187396 0.2357 -2.4808,s 4130617838 -2.4103 0.82063,s 4153804651 -0.40359 0.17719,s 4171581266 2.0886 0.22577,
s 4208599844 2.7653 4.197,s 4284277052 1.5839 4.1751,
